<?xml version="1.0"?>
<opencv_storage>
<classifications type_id="opencv-matrix">
  <rows>261</rows>
  <cols>1</cols>
  <dt>i</dt>
  <data>
    48 57 56 55 53 52 51 50 49 54 81 77 78 66 86 67 88 90 76 74 72 71 70
    68 83 65 80 79 73 85 89 84 82 69 87 75 48 57 56 55 53 52 51 50 49 54
    81 77 78 66 86 67 90 76 74 72 71 70 68 83 65 80 79 73 85 84 82 69 87
    88 75 89 48 57 56 55 54 53 52 51 50 49 81 77 78 66 86 67 88 90 76 75
    74 72 71 70 68 83 65 80 79 73 85 89 84 82 69 87 48 57 56 55 54 53 52
    51 50 49 48 57 56 55 53 52 51 50 49 54 81 77 66 67 90 71 70 68 83 65
    80 79 84 82 69 78 86 88 76 75 74 72 85 89 87 48 57 56 55 53 52 51 50
    49 54 81 66 67 90 71 70 68 83 65 80 79 84 82 69 77 78 86 88 76 75 74
    72 73 85 89 87 48 57 56 53 52 51 50 55 54 49 81 66 67 90 71 70 68 83
    65 80 79 84 82 69 77 78 86 88 76 75 74 72 73 89 89 87 48 57 56 55 53
    52 51 50 49 54 66 67 77 78 86 81 76 74 71 68 83 65 80 79 73 84 82 88
    90 75 72 70 85 89 69 87</data></classifications>
</opencv_storage>
